%YAML:1.0
overlap_tracking_th: 0.85
translational_ratio_th: 0.15
discretization: 100
variance: 0.003
tracking_th: 0.001
ph_error_th: 0.001

iter_th: 40
local_maps_number:5
local_maps_close_number: 1
distortion: 1

limit_grad: 0.80

camera_path:"/usb_cam/image_raw"

cameraMatrix: !!opencv-matrix
   rows: 3
   cols: 3
   dt: d
   data: [ 1.1444560850562141e+03, 0., 2.8163478056757231e+02, 0.,
       1.1436988620078751e+03, 2.5221338478899219e+02, 0., 0., 1. ]
distCoeffs: !!opencv-matrix
   rows: 5
   cols: 1
   dt: d
   data: [ -1.8494874975630948e-01, -3.3917321718334426e-01,
       1.9871309683185405e-03, 3.0187540493599274e-03,
       1.9723107473873429e+00 ]

calculate_superpixels: 1
num_cameras_mapping_th: 9
translational_ratio_th_min: 0.075
limit_ratio_sing_val : 100
limit_normalized_residual: 0.30
matchings_active_search: 3


